{
 "cells": [
  {
   "cell_type": "code",
   "execution_count": 8,
   "id": "7183c96e",
   "metadata": {},
   "outputs": [
    {
     "name": "stdout",
     "output_type": "stream",
     "text": [
      "id_2    801    802    803    804    805    806    807    808    809    821  \\\n",
      "id_1                                                                         \n",
      "801    0.00   2.80   6.00   7.70  11.70  13.40  16.90  19.60  21.00  23.52   \n",
      "802    2.80   0.00   3.40   5.20   9.20  10.90  14.30  17.10  18.50  20.92   \n",
      "803    6.00   3.40   0.00   2.00   6.00   7.70  11.10  13.90  15.30  17.72   \n",
      "804    7.70   5.20   2.00   0.00   4.40   6.10   9.50  12.30  13.70  16.12   \n",
      "805   11.70   9.20   6.00   4.40   0.00   2.00   5.40   8.20   9.60  12.02   \n",
      "806   13.40  10.90   7.70   6.10   2.00   0.00   3.80   6.60   8.00  10.42   \n",
      "807   16.90  14.30  11.10   9.50   5.40   3.80   0.00   2.90   4.30   6.82   \n",
      "808   19.60  17.10  13.90  12.30   8.20   6.60   2.90   0.00   1.70   4.12   \n",
      "809   21.00  18.50  15.30  13.70   9.60   8.00   4.30   1.70   0.00   2.92   \n",
      "821   23.52  20.92  17.72  16.12  12.02  10.42   6.82   4.12   2.92   0.00   \n",
      "822   24.67  22.07  18.87  17.27  13.17  11.57   7.97   5.27   4.07   1.80   \n",
      "823   26.53  23.93  20.73  19.13  15.03  13.43   9.83   7.13   5.93   3.67   \n",
      "824   27.92  25.32  22.12  20.52  16.42   7.80  11.22   8.52   7.32   5.06   \n",
      "825   29.08  26.48  23.28  21.68  17.58  15.98  12.38   9.68   8.48   6.22   \n",
      "826   30.87  28.27  25.07  23.47  19.37  17.77  14.17  11.47  10.27   8.01   \n",
      "827   32.53  29.93  26.73  25.13  21.03  19.43  15.83  13.13  11.93   9.43   \n",
      "829   36.32  33.72  30.52  28.92  24.82  23.22  19.62  16.92  15.72  13.26   \n",
      "830   38.27  35.67  32.47  30.87  26.77  25.17  21.57  18.87  17.67  15.17   \n",
      "831   39.24  36.64  33.44  31.84  27.74  26.14  22.54  19.84  18.64  16.15   \n",
      "\n",
      "id_2    822    823    824    825    826    827    829    830    831  \n",
      "id_1                                                                 \n",
      "801   24.67  26.53  27.92  29.08  30.87  32.53  36.32  38.27  39.24  \n",
      "802   22.07  23.93  25.32  26.48  28.27  29.93  33.72  35.67  36.64  \n",
      "803   18.87  20.73  22.12  23.28  25.07  26.73  30.52  32.47  33.44  \n",
      "804   17.27  19.13  20.52  21.68  23.47  25.13  28.92  30.87  31.84  \n",
      "805   13.17  15.03  16.42  17.58  19.37  21.03  24.82  26.77  27.74  \n",
      "806   11.57  13.43  14.82  15.98  17.77  19.43  23.22  25.17  26.14  \n",
      "807    7.97   9.83  11.22  12.38  14.17  15.83  19.62  21.57  22.54  \n",
      "808    5.27   7.13   8.52   9.68  11.47  13.13  16.92  18.87  19.84  \n",
      "809    4.07   5.93   7.32   8.48  10.27  11.93  15.72  17.67  18.64  \n",
      "821    1.80   3.67   5.06   6.22   8.01   9.43  13.26  15.17  16.15  \n",
      "822    0.00   2.21   3.60   4.76   6.55   8.00  11.81  13.74  14.68  \n",
      "823    2.21   0.00   1.79   2.94   4.74   6.15  10.00  11.89  12.87  \n",
      "824    3.60   1.79   0.00   1.71   3.50   4.92   8.77  10.66  11.64  \n",
      "825    4.76   2.94   1.71   0.00   2.20   3.65   7.46   9.35  10.33  \n",
      "826    6.55   4.74   3.50   2.20   0.00   2.05   5.81   7.71   8.69  \n",
      "827    8.00   6.15   4.92   3.65   2.05   0.00   4.14   6.06   7.04  \n",
      "829   11.81  10.00  21.40   7.46   5.81   4.14   0.00   2.38   3.36  \n",
      "830   13.74  11.89  10.66   0.00   7.71   6.06   2.38   0.00   1.39  \n",
      "831   14.68  12.87  11.64  10.33   8.69   7.04   3.36   1.39   0.00  \n"
     ]
    }
   ],
   "source": [
    "import pandas as pd\n",
    "\n",
    "\n",
    "def generate_car_matrix(df)->pd.DataFrame:\n",
    "    \"\"\"\n",
    "    Creates a DataFrame  for id combinations.\n",
    "\n",
    "    Args:\n",
    "        df (pandas.DataFrame)\n",
    "\n",
    "    Returns:\n",
    "        pandas.DataFrame: Matrix generated with 'car' values, \n",
    "                          where 'id_1' and 'id_2' are used as indices and columns respectively.\n",
    "    \"\"\"\n",
    "    # pivot the dataframe to create the desired matrix\n",
    "    car_matrix=df.pivot(index='id_1', columns='id_2', values='car')\n",
    "    \n",
    "    #fill nan values with 0 any\n",
    "    car_matrix=car_matrix.fillna(0)\n",
    "    \n",
    "\n",
    "    \n",
    "    #set diagnal values to zero,\n",
    "    for i in range(min(car_matrix.shape[0], car_matrix.shape[1])):\n",
    "        car_matrix.iloc[i, i] = 0\n",
    "\n",
    "    \n",
    "\n",
    "    return car_matrix\n",
    "\n",
    "df=pd.read_csv(\"dataset-1.csv\")\n",
    "print(generate_car_matrix(df))"
   ]
  },
  {
   "cell_type": "code",
   "execution_count": 11,
   "id": "38434b95",
   "metadata": {},
   "outputs": [
    {
     "data": {
      "text/plain": [
       "{'high': 56, 'low': 196, 'medium': 89}"
      ]
     },
     "execution_count": 11,
     "metadata": {},
     "output_type": "execute_result"
    }
   ],
   "source": [
    "import numpy as np\n",
    "def get_type_count(df)->dict:\n",
    "    \"\"\"\n",
    "    Categorizes 'car' values into types and returns a dictionary of counts.\n",
    "\n",
    "    Args:\n",
    "        df (pandas.DataFrame)\n",
    "\n",
    "    Returns:\n",
    "        dict: A dictionary with car types as keys and their counts as values.\n",
    "    \"\"\"\n",
    "    # Write your logic here\n",
    "    # Create a new categorical column 'car_type'\n",
    "    df['car_type'] = pd.cut(df['car'], bins=[-float('inf'), 15, 25, float('inf')],\n",
    "                            labels=['low', 'medium', 'high'], right=False)\n",
    "    df['car_type']=\n",
    "\n",
    "    # Calculate the count of occurrences for each 'car_type' category\n",
    "    type_counts = df['car_type'].value_counts().to_dict()\n",
    "\n",
    "    # Sort the dictionary alphabetically based on keys\n",
    "    type_counts = dict(sorted(type_counts.items()))\n",
    "\n",
    "    return type_counts\n",
    "\n",
    "\n",
    "get_type_count(df)"
   ]
  },
  {
   "cell_type": "code",
   "execution_count": null,
   "id": "3eda2ddb",
   "metadata": {},
   "outputs": [],
   "source": []
  }
 ],
 "metadata": {
  "kernelspec": {
   "display_name": "Python 3 (ipykernel)",
   "language": "python",
   "name": "python3"
  },
  "language_info": {
   "codemirror_mode": {
    "name": "ipython",
    "version": 3
   },
   "file_extension": ".py",
   "mimetype": "text/x-python",
   "name": "python",
   "nbconvert_exporter": "python",
   "pygments_lexer": "ipython3",
   "version": "3.10.9"
  }
 },
 "nbformat": 4,
 "nbformat_minor": 5
}
